version https://git-lfs.github.com/spec/v1
oid sha256:028e7093163dda89b24b9d83de9795ad6b5f7baf22bc704e1290ade6d72dac56
size 93465
